1 0.685937 0.677083 0.128125 0.175000
1 0.370312 0.440625 0.037500 0.047917
1 0.153906 0.465625 0.029687 0.043750
1 0.101562 0.468750 0.031250 0.045833
1 0.263281 0.439583 0.032813 0.037500
1 0.872656 0.512500 0.057813 0.087500
1 0.790625 0.460417 0.040625 0.054167
1 0.482812 0.389583 0.018750 0.020833
1 0.620313 0.410417 0.031250 0.037500
1 0.221094 0.423958 0.017188 0.027083
1 0.069531 0.277083 0.023438 0.025000
2 0.964063 0.396875 0.071875 0.318750
3 0.363281 0.362500 0.026562 0.058333
3 0.556250 0.351042 0.021875 0.060417
